62 total tunnels
-1 by assign
62 by murtagh
c 56 1.0740927832164888
434 
c 57 0.9098659103410451
83 
c 59 0.9022573106215548
250 
c 80 0.9175106970040616
416 
c 81 1.1499352486738816
461 
c 83 1.0954252354283769
585 
c 84 0.9022573106215548
198 
c 85 0.9022573106215548
545 
c 86 1.0282809403031212
508 
c 88 1.0954252354283769
91 
c 89 0.9729420942831668
213 
c 90 1.0954252354283769
4 
c 92 1.0954252354283769
99 
c 93 1.1499352486738816
346 
c 95 1.0954252354283769
533 
c 98 0.9729420942831668
457 
c 99 1.0954252354283769
390 
c 100 1.0954252354283769
93 
c 15 0.953849061514898
109 
c 47 0.9629807418057439
65 
c 49 0.9071703791754429
501 
c 53 0.9022573106215548
125 
c 54 0.9022573106215548
373 
