# Tunnel-lining atoms (atoms wihtin the 3.0 A distnace from individual tunnels)
== Tunnel cluster 1 ==
391 392 394 396 397 398 399 400 401 402 403 404 578 579 582 583 584 585 594 600 601 602 603 604 605 606 607 608 609 610 611 612 616 618 619 620 1190 1191 1192 1196 1201 1202 1203 1206 1208 1209 1210 1211 1212 1213 1214 1215 1216 1217 1218 1219 1220 1221 1222 1223 1224 1225 1226 1229 1230 1243 1244 1245 1246 1247 1248 1249 1252 1253 1254 1255 1362 1363 1394 1395 1396 1397 1398 1408 2221 2222 2225 2226 2239 2240 2241 2242 2500 2522 2523 2524 2525 2526 2531 2532 2533 2534 2535 2559 2567 2568 2569 2606 2607 2608 2609 2610 2611 2613 2614 2615 2616 2620 2621 2622 2623 2624 8030 8031 8045 8046 8047 8055 8056 8057 8058 8059 8060 8061 8062 8063 8064 8065 8066 8067 8068 8070 8072 8073 8074 8075 8076 8099 8100 8101 8102 8103 8104 8106 8107 8108 8109 8110 8111 8112 8120 8123 8124 8125 8126 8613 8614 8615 8616 8617 8618 8619 8620 8621 8623 8624 8625 8626 8627 8628 8629 8630 8631 8632 8633 8731 8732 8736 8737 8738 8739 8740 8741 8742 8744 8745 8746 8747 8766 9091 9092 9093 9094 9095 9112 9113 9114 9115 9116 9117 9118 9119 9120 9121 9122 9123 9124 9125 9126 9127 9128 9129 9130 9131 9132 9133 9135 9147 9148 9149 9150 9151 9152 9153 9154 9155 9156 9157 9158 9159 9166 9167 9170 9171 9172 9173 9174 9175 9176 9483 9484 9485 9486 9487 9493 9494 9495 15674 15675 15698 15699 15707 
== Tunnel cluster 2 ==
391 392 394 396 397 398 399 400 401 402 403 404 578 579 582 583 584 585 594 600 601 602 603 604 605 606 607 608 609 610 611 612 616 618 619 620 1190 1191 1192 1196 1200 1201 1202 1203 1204 1205 1206 1207 1208 1209 1210 1211 1212 1213 1214 1215 1216 1217 1218 1219 1220 1221 1222 1223 1224 1225 1226 1229 1230 1243 1244 1245 1246 1247 1248 1249 1252 1253 1254 1255 1362 1363 1394 1395 1396 1397 1398 1408 2221 2222 2225 2226 2239 2240 2241 2242 2500 2522 2523 2524 2525 2526 2531 2532 2533 2534 2535 2559 2567 2568 2569 2606 2607 2608 2609 2610 2611 2613 2614 2615 2616 2620 2621 2622 2623 2624 8034 8035 8037 8038 8039 8040 8041 8042 8044 8045 8046 8047 8048 8049 8051 8053 8055 8056 8057 8058 8059 8060 8061 8063 8064 8065 8066 8072 8073 8074 8075 8076 8077 8080 8099 8102 8103 8104 8105 8584 8585 8586 8587 8588 8589 8613 8614 8615 8616 8617 8618 8619 8620 8621 8623 8626 8627 8628 8629 8630 8631 8632 8731 8732 8736 8737 8738 8739 8740 8741 8742 8744 8745 8746 8747 8766 9091 9092 9093 9094 9095 9112 9113 9114 9115 9116 9117 9118 9119 9120 9121 9122 9123 9124 9125 9126 9127 9128 9129 9130 9131 9132 9133 9135 9147 9148 9149 9150 9151 9152 9153 9154 9155 9156 9483 9484 9485 9486 9487 9493 9494 9495 
== Tunnel cluster 3 ==
391 392 394 396 397 398 399 400 401 402 403 404 578 579 582 583 584 585 1189 1191 1192 1216 1217 1218 1219 1220 1229 1230 1243 1244 1245 1246 1247 1248 1249 1252 1253 1254 1255 1362 1363 1386 1387 1388 1389 1390 1391 1392 1393 1394 1395 1396 1397 1398 1399 1400 1403 1404 1405 1406 1407 1408 2214 2236 2239 2240 2241 2242 2256 2257 2258 2294 2295 2296 2297 2298 2299 2300 2301 2302 2305 2306 2307 2308 2309 2371 2372 2373 2374 2375 2376 2379 2385 2386 2415 2416 2417 2418 2419 2420 2421 2422 2439 2440 2441 2442 2443 2444 2445 2446 2447 2450 2451 2452 2453 2454 2455 2456 2463 2464 2465 2466 2470 2471 2472 2473 2474 2475 2476 2477 2478 2493 2494 2495 2496 2497 2498 2499 2500 2501 2502 2503 2506 2507 2522 2523 2524 2525 2526 2531 2532 2533 2534 2535 2559 2565 2566 2567 2568 2569 2604 2605 2606 2607 2608 2609 2610 2611 2612 2613 2614 2615 2616 2620 2621 2622 2623 2624 9091 9092 9093 9094 9095 9118 9119 9120 9121 9492 9493 9494 9495 9541 9542 9543 9544 9545 9546 9547 9548 9549 9550 9551 9552 9553 9554 9555 9556 9558 9559 9560 9561 9562 9563 9564 9565 9566 9567 9568 9569 9570 9571 9572 9573 9574 9577 9578 9579 12583 12610 12611 12612 12613 19965 19970 19971 19972 19973 19974 19984 19985 19986 19987 20629 20640 20643 20644 20645 20646 20647 20648 20649 20674 20675 20680 20681 20682 20685 20687 20688 20689 20690 20691 20692 20693 20694 20695 20696 20697 20698 20699 20700 20701 20702 20703 20704 20706 20710 
== Tunnel cluster 4 ==
391 392 394 396 397 398 399 400 401 402 403 404 405 406 407 408 409 410 411 412 413 414 415 416 574 578 579 580 582 583 584 585 1229 1230 1243 1244 1245 1246 1247 1248 1249 1252 1253 1254 1255 2531 2532 2533 2534 2535 2549 2550 2555 2556 2557 2558 2559 2560 2561 2562 2563 2570 2571 2572 2573 2574 2575 2576 2577 2623 8926 8929 8930 8931 8932 8933 8934 8935 8936 8937 8938 8939 8940 8941 8942 8943 8944 8945 8946 8947 8948 8949 8950 8951 8953 8954 8955 8956 8957 8958 8959 8960 8961 8962 8963 8964 8965 8966 8967 8968 8969 8970 8971 8972 8973 8974 8975 8976 8977 8978 8979 8980 8981 9005 9006 9007 9008 9079 9080 9081 9082 9083 9084 9085 9086 9087 9088 9089 9090 9091 9092 9093 9094 9095 9096 9103 9104 9107 9108 9109 9110 9117 9118 9119 9120 9121 12758 12759 12761 12762 12763 12764 12765 12766 12769 16545 16547 16764 16765 16769 16770 16771 16772 16773 16774 16775 16776 16777 16778 16779 16780 16781 16782 16783 16784 16785 16794 16795 16796 16797 16805 16806 16807 16808 16809 16810 16811 16813 16814 16815 16816 16817 16818 16897 16898 16899 16900 17070 17071 17072 17073 17074 17075 17076 17077 17078 17079 17083 17084 17085 17087 17088 17089 17090 17091 19530 19531 19532 19533 19534 19535 19536 19537 19538 19539 19541 19546 19557 19562 19563 19564 19565 19566 19567 19568 19569 19570 19571 19572 19574 19575 19580 19581 19582 19584 19585 19586 19587 19608 19609 19610 19611 19612 19613 19614 19615 19616 19617 19618 19619 19620 19621 19622 19623 19624 19625 19626 19642 19643 19644 
== Tunnel cluster 5 ==
391 392 394 396 397 398 399 400 401 402 403 404 578 579 582 583 584 585 594 600 601 602 603 604 605 606 607 608 609 610 611 612 616 618 619 620 1190 1191 1192 1196 1201 1202 1203 1206 1208 1209 1210 1211 1212 1213 1214 1215 1216 1217 1218 1219 1220 1221 1222 1223 1224 1225 1226 1229 1230 1243 1244 1245 1246 1247 1248 1249 1252 1253 1254 1255 1362 1363 1394 1395 1396 1397 1398 1408 2221 2222 2225 2226 2239 2240 2241 2242 2500 2522 2523 2524 2525 2526 2531 2532 2533 2534 2535 2559 2567 2568 2569 2606 2607 2608 2609 2610 2611 2613 2614 2615 2616 2620 2621 2622 2623 2624 8030 8031 8045 8046 8047 8055 8056 8057 8058 8059 8060 8061 8062 8063 8064 8065 8066 8067 8068 8070 8072 8073 8074 8075 8076 8099 8100 8101 8102 8103 8104 8106 8107 8108 8109 8110 8111 8112 8123 8124 8125 8126 8613 8614 8615 8616 8617 8618 8619 8620 8621 8623 8624 8625 8626 8627 8628 8629 8630 8631 8632 8633 8731 8732 8736 8737 8738 8739 8740 8741 8742 8744 8745 8746 8747 8766 9091 9092 9093 9094 9095 9112 9113 9114 9115 9116 9117 9118 9119 9120 9121 9122 9123 9124 9125 9126 9127 9128 9129 9130 9131 9132 9133 9135 9136 9140 9142 9143 9144 9145 9146 9147 9148 9149 9150 9151 9152 9153 9154 9155 9156 9157 9158 9159 9166 9167 9170 9171 9172 9173 9174 9175 9176 9483 9484 9485 9486 9487 9493 9494 9495 15659 15660 15662 15664 15665 15666 15667 15668 15669 15670 15671 15672 15673 15674 15675 15693 15694 15695 15696 15697 15698 15699 15700 15704 15705 15706 15707 
== Tunnel cluster 6 ==
391 392 394 396 397 398 399 400 401 402 403 404 405 406 407 408 409 410 413 414 415 416 574 578 579 580 582 583 584 585 1229 1230 1243 1244 1245 1246 1247 1248 1249 1252 1253 1254 1255 2531 2532 2533 2534 2535 2537 2538 2539 2540 2541 2542 2547 2548 2549 2550 2551 2552 2553 2554 2555 2556 2557 2558 2559 2560 2561 2562 2563 2570 2571 2574 2575 2576 2577 2623 5591 5592 5596 5598 5599 5600 5601 5602 5603 5604 5605 5606 5607 5608 5609 5610 5611 5612 5613 5614 5615 5622 5623 5624 5625 5626 5627 5628 5629 5630 5631 5632 5633 5634 5635 5636 5637 5638 5641 5650 5651 8938 8939 8940 8941 8942 8943 8944 8945 8946 8947 8948 8949 8950 8951 8953 8954 8955 8956 8960 8961 8962 8963 8964 8965 8966 8970 8971 8972 8973 8974 8975 8977 9007 9080 9081 9082 9083 9084 9085 9086 9087 9088 9089 9090 9091 9092 9093 9094 9095 9096 9103 9104 9107 9108 9109 9110 9117 9118 9119 9120 9121 12697 12702 12703 12704 12705 12706 12707 12708 12709 12710 12711 12712 12713 12714 12715 12716 12717 12719 12720 12743 12744 12745 12746 12747 12748 12749 12750 12752 12753 12754 12755 12756 12757 12758 12759 12760 12761 12762 12763 12764 12765 12766 16811 16812 16814 16815 16816 16817 16818 16819 16820 16821 16822 16823 16824 16826 16829 16830 16831 16832 16833 16834 16835 16836 16890 16891 16892 16893 16894 16895 16896 16897 16898 16899 16900 16901 16902 16903 16905 16906 16907 16908 19616 19617 19618 19619 19620 19622 19623 19624 19625 19626 19627 19630 19631 19632 20677 
== Tunnel cluster 7 ==
391 392 394 396 397 398 399 400 401 402 403 404 578 579 580 581 582 583 584 585 587 588 589 590 591 592 593 594 595 596 597 599 600 601 602 603 604 605 606 607 608 609 610 611 612 613 615 616 617 618 619 620 621 622 623 624 633 639 641 674 675 676 677 678 679 680 681 1190 1191 1192 1196 1201 1202 1203 1206 1208 1209 1210 1211 1212 1213 1214 1215 1216 1217 1218 1219 1220 1221 1222 1223 1224 1225 1226 1229 1230 1243 1244 1245 1246 1247 1248 1249 1252 1253 1254 1255 1362 1363 1394 1395 1396 1397 1398 1408 2221 2222 2225 2226 2239 2240 2241 2242 2500 2522 2523 2524 2525 2526 2531 2532 2533 2534 2535 2559 2567 2568 2569 2606 2607 2608 2609 2610 2611 2613 2614 2615 2616 2620 2621 2622 2623 2624 8046 8047 8055 8056 8057 8058 8059 8060 8069 8071 8613 8614 8615 8616 8617 8618 8619 8620 8621 8627 8628 8629 8630 8631 8632 8731 8732 8736 8737 8738 8739 8740 8741 8742 8744 8745 8746 8747 8766 9021 9022 9023 9024 9025 9026 9027 9028 9029 9030 9031 9032 9033 9034 9035 9036 9037 9038 9039 9049 9050 9051 9091 9092 9093 9094 9095 9105 9106 9111 9112 9113 9114 9115 9116 9117 9118 9119 9120 9121 9122 9123 9124 9125 9126 9127 9128 9129 9130 9131 9132 9133 9134 9135 9137 9138 9139 9140 9141 9142 9143 9144 9145 9146 9147 9148 9149 9151 9152 9153 9154 9155 9156 9483 9484 9485 9486 9487 9493 9494 9495 15695 15700 15701 15702 15703 15704 15705 15706 15707 15708 15709 15710 16196 16197 16198 16199 16200 16208 
== Tunnel cluster 8 ==
391 392 394 396 397 398 399 400 401 402 403 404 405 406 407 408 409 410 413 414 415 416 574 578 579 580 582 583 584 585 1229 1230 1243 1244 1245 1246 1247 1248 1249 1252 1253 1254 1255 2531 2532 2533 2534 2535 2537 2538 2539 2540 2541 2542 2547 2548 2549 2550 2551 2552 2553 2554 2555 2556 2557 2558 2559 2560 2561 2562 2563 2570 2571 2574 2575 2576 2577 2623 5591 5592 5596 5598 5599 5600 5601 5602 5603 5604 5605 5606 5607 5608 5609 5610 5611 5612 5613 5614 5615 5616 5617 5618 5622 5623 5624 5625 5626 5627 5628 5629 5630 5637 5638 5640 5641 8938 8939 8940 8941 8942 8943 8944 8945 8946 8947 8948 8949 8950 8951 8953 8954 8955 8956 8960 8961 8962 8963 8964 8965 8966 8970 8971 8972 8973 8974 8975 8977 9007 9080 9081 9082 9083 9084 9085 9086 9087 9088 9089 9090 9091 9092 9093 9094 9095 9096 9103 9104 9107 9108 9109 9110 9117 9118 9119 9120 9121 12743 12744 12745 12746 12747 12748 12753 12754 12755 12756 12757 12758 12759 12760 12761 12762 12763 12764 12765 12766 16811 16812 16814 16815 16816 16817 16818 16819 16820 16821 16822 16823 16824 16826 16829 16830 16831 16832 16833 16834 16835 16836 16889 16890 16891 16892 16893 16894 16895 16896 16897 16898 16899 16900 16901 16902 16903 16905 16906 16907 16908 18937 18938 18939 18940 18941 18942 18960 18969 18970 18971 18972 18998 19000 19001 19002 19003 19004 19005 19079 19080 19106 19107 19108 19548 19551 19552 19553 19554 19616 19617 19618 19619 19620 19622 19623 19624 19625 19626 19627 19630 19631 19632 
== Tunnel cluster 9 ==
391 392 394 396 397 398 399 400 401 402 403 404 578 579 582 583 584 585 1189 1191 1192 1216 1217 1218 1219 1220 1229 1230 1243 1244 1245 1246 1247 1248 1249 1252 1253 1254 1255 1362 1363 1387 1388 1390 1391 1392 1393 1394 1395 1396 1397 1398 1399 1400 1403 1404 1405 1406 1407 1408 2214 2236 2237 2238 2239 2240 2241 2242 2251 2252 2253 2255 2256 2257 2258 2262 2275 2278 2279 2280 2281 2300 2498 2499 2500 2501 2522 2523 2524 2525 2526 2531 2532 2533 2534 2535 2559 2565 2566 2567 2568 2569 2604 2605 2606 2607 2608 2609 2610 2611 2612 2613 2614 2615 2616 2620 2621 2622 2623 2624 9091 9092 9093 9094 9095 9118 9119 9120 9121 9489 9490 9491 9492 9493 9494 9495 9496 9497 9498 9499 9500 9501 9502 9503 9504 9505 9516 9517 9519 9521 9522 9523 9524 9525 9526 9528 9529 9530 9531 9532 9533 9534 9535 9536 9537 9538 9539 9540 9541 9542 9543 9544 9545 9546 9547 9548 9549 9550 9551 9552 9553 9554 9555 9556 9557 9558 9559 9560 9561 9565 9566 9567 9568 9569 9570 9571 9572 9573 9574 9575 9576 9577 9579 9580 9581 9582 9583 9584 9585 9586 9587 9588 9589 9590 9591 9592 9593 9594 9595 9596 9597 9598 9599 9600 9601 9603 9605 9606 9607 9608 9609 9610 9611 9612 9613 14744 14751 14752 19903 19962 19963 19964 19965 20697 20698 
== Tunnel cluster 10 ==
371 372 390 391 392 393 394 395 396 397 398 399 400 401 402 403 404 439 440 445 446 450 451 452 453 454 455 484 485 486 503 505 563 564 579 582 583 584 585 1242 1243 1244 1245 1246 1247 1248 1249 1250 1252 1253 1254 1255 1273 1324 1325 1326 1327 1328 1329 1330 1362 1363 1364 2510 2511 2512 2513 2516 2517 2518 2519 2520 2521 2522 2524 2527 2528 2529 2530 2531 2532 2533 2534 2535 2536 2537 2538 2540 2541 2542 2543 2544 2545 2546 2559 9092 9093 9094 9095 9118 9119 9120 9121 12349 12350 12351 12352 12353 12354 12355 12365 12381 12382 12384 12385 12386 12387 12388 12389 12420 12421 12422 12428 12429 12430 12431 12432 12433 12434 12435 12436 12437 12438 12439 12440 12441 12442 12443 12444 12445 12446 12447 12448 12449 12450 12451 12452 12453 12454 12460 12462 12463 12464 12465 12468 12473 12478 12479 12480 12481 12482 12483 12484 12485 12486 12487 12488 12489 12490 12491 12492 12493 12494 12495 12500 12510 12511 12512 12513 12514 12515 12516 12517 12518 12519 12522 12523 12524 12525 16839 16840 16845 16846 16847 16848 16849 16850 16851 16852 16853 16854 16856 16857 16858 16859 16860 
== Tunnel cluster 11 ==
391 392 394 396 397 398 399 400 401 402 403 404 578 579 582 583 584 585 594 600 601 602 603 604 605 606 607 608 609 610 611 612 616 618 619 620 1190 1191 1192 1196 1201 1202 1203 1206 1208 1209 1210 1211 1212 1213 1214 1215 1216 1217 1218 1219 1220 1221 1222 1223 1224 1225 1226 1229 1230 1243 1244 1245 1246 1247 1248 1249 1252 1253 1254 1255 1362 1363 1394 1395 1396 1397 1398 1408 2221 2222 2225 2226 2239 2240 2241 2242 2500 2522 2523 2524 2525 2526 2531 2532 2533 2534 2535 2559 2567 2568 2569 2606 2607 2608 2609 2610 2611 2613 2614 2615 2616 2620 2621 2622 2623 2624 7817 7818 7819 7820 7823 7828 7829 7830 7831 7832 7833 7834 7835 7836 7837 7838 7839 7840 7841 7842 7843 7844 7845 7846 7847 7848 7851 7852 7853 7885 7886 7887 7888 7889 7890 7891 7892 7893 7894 7895 7896 7897 7899 7900 7901 7905 7907 7908 7909 7911 7912 7913 7914 7915 7916 7917 7918 7919 8045 8046 8047 8055 8056 8057 8058 8059 8060 8061 8062 8063 8064 8065 8066 8067 8072 8073 8074 8075 8076 8098 8099 8100 8101 8102 8103 8104 8106 8107 8108 8109 8110 8111 8112 8113 8114 8115 8119 8120 8121 8122 8123 8124 8125 8126 8127 8128 8129 8131 8132 8133 8134 8135 8136 8139 8143 8147 8148 8149 8150 8151 8613 8614 8615 8616 8617 8618 8619 8620 8621 8622 8623 8624 8625 8626 8627 8628 8629 8630 8631 8632 8633 8634 8635 8636 8637 8638 8639 8640 8641 8642 8643 8644 8645 8646 8647 8648 8649 8650 8653 8654 8731 8732 8735 8736 8737 8738 8739 8740 8741 8742 8744 8745 8746 8747 8766 9091 9092 9093 9094 9095 9112 9113 9114 9115 9116 9117 9118 9119 9120 9121 9122 9123 9124 9125 9126 9127 9128 9129 9130 9131 9132 9133 9135 9147 9148 9149 9150 9151 9152 9153 9154 9155 9156 9157 9158 9159 9160 9161 9162 9163 9165 9166 9167 9168 9169 9170 9171 9172 9173 9174 9175 9176 9177 9178 9179 9180 9182 9210 9211 9212 9213 9214 9215 9216 9217 9218 9483 9484 9485 9486 9487 9493 9494 9495 15673 15674 15675 15676 17819 17820 17821 17823 17855 17856 17857 17858 17859 17860 18113 18114 18115 18128 18129 18134 18135 18136 18137 18138 18139 18140 18141 18142 18143 18144 18145 18146 18147 18148 18149 18150 18151 18152 18153 18154 18162 18163 18164 18165 18166 18167 18168 18169 18170 18171 18172 18174 18189 18190 18191 18192 18193 
== Tunnel cluster 12 ==
391 392 394 396 397 398 399 400 401 402 403 404 578 579 582 583 584 585 594 600 601 602 603 604 605 606 607 608 609 610 611 612 616 618 619 620 1190 1191 1192 1196 1201 1202 1203 1206 1208 1209 1210 1211 1212 1213 1214 1215 1216 1217 1218 1219 1220 1221 1222 1223 1224 1225 1226 1229 1230 1243 1244 1245 1246 1247 1248 1249 1252 1253 1254 1255 1362 1363 1394 1395 1396 1397 1398 1408 2221 2222 2225 2226 2239 2240 2241 2242 2500 2522 2523 2524 2525 2526 2531 2532 2533 2534 2535 2559 2567 2568 2569 2606 2607 2608 2609 2610 2611 2613 2614 2615 2616 2620 2621 2622 2623 2624 6969 6970 6978 6985 6986 6989 6990 6991 7006 7008 7009 7010 7011 7145 7146 7147 7151 7152 7153 7154 7155 7156 7157 7158 7159 7160 7161 7162 7164 7165 7166 7167 7809 7811 7812 7822 7823 7824 7825 7826 7828 7829 7830 7831 7832 7833 7834 7835 7836 7837 7838 7839 7840 7841 7842 7843 7844 7845 7846 7847 7848 7849 7850 7851 7853 7854 7855 7856 7857 7858 7859 7860 7861 7862 7863 7864 7865 7866 8045 8046 8047 8055 8056 8057 8058 8059 8060 8061 8062 8063 8064 8065 8066 8067 8072 8073 8074 8075 8076 8098 8099 8100 8101 8102 8103 8104 8106 8107 8108 8109 8110 8111 8112 8113 8114 8115 8119 8120 8121 8122 8123 8124 8125 8126 8127 8128 8131 8132 8134 8613 8614 8615 8616 8617 8618 8619 8620 8621 8622 8623 8624 8625 8626 8627 8628 8629 8630 8631 8632 8633 8634 8635 8636 8637 8638 8639 8640 8641 8642 8643 8644 8645 8646 8647 8648 8649 8650 8653 8654 8686 8687 8688 8689 8690 8691 8692 8693 8694 8731 8732 8735 8736 8737 8738 8739 8740 8741 8742 8744 8745 8746 8747 8766 9091 9092 9093 9094 9095 9112 9113 9114 9115 9116 9117 9118 9119 9120 9121 9122 9123 9124 9125 9126 9127 9128 9129 9130 9131 9132 9133 9135 9147 9148 9149 9150 9151 9152 9153 9154 9155 9156 9157 9158 9159 9160 9161 9162 9163 9165 9166 9167 9168 9169 9170 9171 9172 9173 9174 9175 9176 9177 9178 9179 9180 9181 9182 9183 9184 9185 9186 9187 9188 9189 9190 9192 9202 9204 9210 9211 9212 9213 9214 9215 9216 9217 9218 9219 9220 9223 9224 9225 9241 9371 9373 9375 9377 9378 9379 9380 9381 9399 9400 9401 9402 9403 9404 9405 9406 9408 9409 9410 9411 9412 9413 9414 9415 9416 9417 9418 9419 9431 9434 9435 9436 9437 9438 9446 9448 9449 9450 9483 9484 9485 9486 9487 9493 9494 9495 15673 15674 15675 15676 17816 17817 17818 17819 17820 17821 17822 17823 17824 17825 17829 17845 17846 17851 17852 17853 17854 17855 17856 17857 17858 17859 17860 17861 17862 17864 17874 17875 17880 17881 17882 17883 17884 17885 17889 17890 17891 17892 17916 17917 17918 17919 17920 17921 17922 18166 18167 18168 18169 18189 18190 18191 18192 18193 20396 20401 20402 20403 20408 20409 20410 20411 20412 20414 20416 20417 20418 20421 20423 20425 20428 20429 20430 20432 20433 20434 20435 20443 
== Tunnel cluster 13 ==
391 392 394 396 397 398 399 400 401 402 403 404 578 579 582 583 584 585 594 600 601 602 603 604 605 606 607 608 609 610 611 612 616 618 619 620 1190 1191 1192 1196 1201 1202 1203 1206 1208 1209 1210 1211 1212 1213 1214 1215 1216 1217 1218 1219 1220 1221 1222 1223 1224 1225 1226 1229 1230 1243 1244 1245 1246 1247 1248 1249 1252 1253 1254 1255 1362 1363 1394 1395 1396 1397 1398 1408 2221 2222 2225 2226 2239 2240 2241 2242 2500 2522 2523 2524 2525 2526 2531 2532 2533 2534 2535 2559 2567 2568 2569 2606 2607 2608 2609 2610 2611 2613 2614 2615 2616 2620 2621 2622 2623 2624 6969 6970 6978 6985 6986 6989 6990 6991 7006 7008 7009 7010 7011 7142 7143 7144 7145 7146 7147 7148 7151 7152 7153 7154 7155 7156 7157 7158 7159 7160 7161 7162 7163 7164 7165 7166 7167 7168 7169 7809 7811 7812 7822 7823 7824 7825 7826 7828 7829 7830 7831 7832 7833 7834 7835 7836 7837 7838 7839 7840 7841 7842 7843 7844 7845 7846 7847 7848 7849 7850 7851 7853 7854 7855 7856 7857 7858 7859 7860 7861 7862 7863 7864 7865 7866 8045 8046 8047 8055 8056 8057 8058 8059 8060 8061 8062 8063 8064 8065 8066 8067 8072 8073 8074 8075 8076 8098 8099 8100 8101 8102 8103 8104 8106 8107 8108 8109 8110 8111 8112 8113 8114 8115 8119 8120 8121 8122 8123 8124 8125 8126 8127 8128 8131 8132 8134 8613 8614 8615 8616 8617 8618 8619 8620 8621 8622 8623 8624 8625 8626 8627 8628 8629 8630 8631 8632 8633 8634 8635 8636 8637 8638 8639 8640 8641 8642 8643 8644 8645 8646 8647 8648 8649 8650 8653 8654 8686 8687 8688 8689 8690 8691 8692 8693 8694 8731 8732 8735 8736 8737 8738 8739 8740 8741 8742 8744 8745 8746 8747 8766 9091 9092 9093 9094 9095 9112 9113 9114 9115 9116 9117 9118 9119 9120 9121 9122 9123 9124 9125 9126 9127 9128 9129 9130 9131 9132 9133 9135 9147 9148 9149 9150 9151 9152 9153 9154 9155 9156 9157 9158 9159 9160 9161 9162 9163 9165 9166 9167 9168 9169 9170 9171 9172 9173 9174 9175 9176 9177 9178 9179 9180 9181 9182 9183 9184 9185 9186 9187 9188 9189 9190 9192 9202 9204 9210 9211 9212 9213 9214 9215 9216 9217 9218 9219 9220 9223 9224 9225 9241 9371 9373 9375 9377 9378 9379 9380 9381 9399 9400 9401 9402 9403 9404 9405 9406 9408 9409 9410 9411 9412 9413 9414 9415 9416 9417 9418 9419 9431 9434 9435 9436 9437 9438 9446 9448 9449 9450 9483 9484 9485 9486 9487 9493 9494 9495 15673 15674 15675 15676 17816 17817 17818 17819 17820 17821 17822 17823 17824 17825 17829 17845 17846 17851 17852 17853 17854 17855 17856 17857 17858 17859 17860 17861 17862 17864 17874 17875 17880 17881 17882 17883 17884 17885 17889 17890 17891 17892 17913 17916 17917 17918 17919 17920 17921 17922 18166 18167 18168 18169 18189 18190 18191 18192 18193 20402 20403 20408 20409 20410 20411 20412 20414 20416 20417 20418 20421 20423 20425 20428 20429 20430 20432 20433 20434 20435 20443 
== Tunnel cluster 14 ==
391 392 394 396 397 398 399 400 401 402 403 404 578 579 582 583 584 585 1189 1191 1192 1216 1217 1218 1219 1220 1229 1230 1243 1244 1245 1246 1247 1248 1249 1252 1253 1254 1255 1362 1363 1386 1387 1388 1389 1390 1391 1392 1393 1394 1395 1396 1397 1398 1399 1400 1403 1404 1405 1406 1407 1408 2214 2236 2239 2240 2241 2242 2256 2257 2258 2276 2277 2280 2282 2283 2284 2285 2286 2287 2288 2289 2290 2291 2292 2293 2294 2295 2296 2297 2298 2299 2300 2301 2302 2303 2305 2306 2307 2308 2309 2310 2311 2312 2313 2314 2315 2316 2317 2320 2321 2322 2323 2374 2375 2376 2380 2387 2389 2390 2391 2392 2393 2394 2395 2396 2398 2410 2411 2412 2413 2414 2415 2416 2417 2418 2419 2420 2421 2422 2423 2424 2425 2432 2438 2439 2440 2441 2442 2443 2444 2445 2446 2447 2448 2450 2451 2452 2453 2454 2455 2456 2463 2464 2465 2466 2470 2471 2472 2473 2474 2475 2476 2477 2478 2493 2494 2495 2496 2497 2498 2499 2500 2501 2502 2503 2506 2507 2522 2523 2524 2525 2526 2531 2532 2533 2534 2535 2559 2565 2566 2567 2568 2569 2604 2605 2606 2607 2608 2609 2610 2611 2612 2613 2614 2615 2616 2620 2621 2622 2623 2624 9091 9092 9093 9094 9095 9118 9119 9120 9121 9492 9493 9494 9495 9515 9516 9517 9518 9519 9520 9521 9532 9534 9541 9542 9543 9544 9545 9546 9547 9548 9549 9550 9551 9552 9553 9554 9555 9556 9558 9559 9560 9561 9562 9563 9564 9565 9566 9567 9568 9569 9570 9571 9572 9573 9574 9577 9578 9579 9581 9584 9585 9586 9587 10531 10532 10533 10534 10535 10536 10537 10538 10539 10540 10541 10542 10543 10544 10545 10546 10566 10567 10568 10569 10570 10571 10572 12583 12610 12611 12612 12613 14703 14704 14705 14706 14707 14708 14709 14710 14711 14712 14713 14714 14715 14716 14717 14718 14719 14731 14732 14737 14738 14739 14740 14741 14742 14743 14744 14745 14746 14747 14748 14749 14751 14752 14753 19965 19970 19971 19972 19973 19974 19984 19985 19986 19987 20629 20643 20644 20645 20646 20647 20648 20649 20674 20675 20680 20681 20682 20685 20687 20688 20689 20690 20691 20692 20693 20694 20695 20696 20697 20698 20699 20700 20701 20702 20703 20704 20706 20710 
== Tunnel cluster 15 ==
390 391 392 393 394 395 396 397 398 399 400 401 402 403 404 450 563 564 579 582 583 584 585 1242 1243 1244 1245 1246 1247 1248 1249 1250 1252 1253 1254 1255 1273 1324 1325 1326 1327 1328 1329 1330 1362 1363 1364 2510 2511 2512 2513 2516 2517 2518 2519 2520 2521 2522 2524 2527 2528 2529 2530 2531 2532 2533 2534 2535 2536 2537 2538 2540 2541 2542 2543 2544 2545 2546 2559 5147 5149 5406 5407 5408 5409 5439 5447 5448 5449 5450 5451 5452 5453 5454 5455 5456 5457 5458 5459 5460 5461 5462 5463 5464 5465 5466 5467 5474 5487 5860 5867 5868 5869 5870 5871 5872 5873 5874 5875 5876 5877 5888 5889 5891 5892 5893 5894 5895 5896 5897 5898 5899 5900 5902 5903 5904 5905 5906 5907 5908 5909 5910 5911 5916 5917 5918 5920 5921 5922 5923 5924 5925 5926 5929 5930 5931 5932 5953 5976 6053 9092 9093 9094 9095 9118 9119 9120 9121 12308 12309 12310 12311 12312 12313 12314 12315 12320 12321 12322 12362 12363 12364 12365 12386 12387 12389 12430 12431 12439 12440 12441 12443 12444 12445 12446 12447 12448 12450 12451 12460 12462 12463 12464 12465 12468 12469 12478 12479 12480 12481 12482 12483 12484 12485 12486 12487 12488 12489 12490 12491 12492 12493 12494 12495 12500 12502 12503 12504 12505 12506 12507 12508 12509 12510 12511 12512 12513 12514 12515 12516 12517 12518 12519 12522 12523 12524 12525 12538 12539 12540 12541 12542 12563 12564 12565 16839 16840 16845 16846 16847 16848 16849 16850 16851 16852 16853 16854 16855 16856 16857 16858 16859 16860 16861 16862 16863 16865 16916 16917 16918 16920 16922 16934 16936 16937 16938 16939 16940 16941 16942 16943 16945 16946 16947 16948 16949 16950 16951 16952 16953 16954 16955 16956 16957 16958 16959 16960 16965 16966 16967 16968 16969 16970 16971 16972 16973 16974 16975 16976 16977 16978 16979 16980 16981 16982 16983 16984 16985 16987 16988 16989 16990 16992 16993 16994 16995 16996 
== Tunnel cluster 16 ==
391 392 394 396 397 398 399 400 401 402 403 404 578 579 582 583 584 585 594 600 601 602 603 604 605 606 607 608 609 610 611 612 616 618 619 620 1190 1191 1192 1196 1201 1202 1203 1206 1208 1209 1210 1211 1212 1213 1214 1215 1216 1217 1218 1219 1220 1221 1222 1223 1224 1225 1226 1229 1230 1243 1244 1245 1246 1247 1248 1249 1252 1253 1254 1255 1362 1363 1394 1395 1396 1397 1398 1408 2221 2222 2225 2226 2239 2240 2241 2242 2500 2522 2523 2524 2525 2526 2531 2532 2533 2534 2535 2559 2567 2568 2569 2606 2607 2608 2609 2610 2611 2613 2614 2615 2616 2620 2621 2622 2623 2624 6969 6970 6978 6985 6986 6989 6990 6991 7006 7008 7009 7010 7011 7145 7146 7147 7151 7152 7153 7154 7155 7156 7157 7158 7159 7160 7161 7164 7165 7809 7811 7812 7822 7823 7824 7825 7826 7828 7829 7830 7831 7832 7833 7834 7835 7836 7837 7838 7839 7840 7841 7842 7843 7844 7845 7846 7847 7848 7849 7850 7851 7853 7854 7855 7856 7857 7858 7859 7860 7861 7862 7863 7864 7865 7866 8045 8046 8047 8055 8056 8057 8058 8059 8060 8061 8062 8063 8064 8065 8066 8067 8072 8073 8074 8075 8076 8098 8099 8100 8101 8102 8103 8104 8106 8107 8108 8109 8110 8111 8112 8113 8114 8115 8119 8120 8121 8122 8123 8124 8125 8126 8127 8128 8131 8132 8134 8613 8614 8615 8616 8617 8618 8619 8620 8621 8622 8623 8624 8625 8626 8627 8628 8629 8630 8631 8632 8633 8634 8635 8636 8637 8638 8639 8640 8641 8642 8643 8644 8645 8646 8647 8648 8649 8650 8653 8654 8686 8687 8688 8689 8690 8691 8692 8693 8694 8731 8732 8735 8736 8737 8738 8739 8740 8741 8742 8744 8745 8746 8747 8766 8809 8810 8811 8812 8813 8814 8834 8835 8836 8837 8838 8839 8840 8841 8842 8843 8844 8845 8846 8847 8848 8852 8869 8870 8871 8873 8874 8875 8876 8877 8878 8879 9091 9092 9093 9094 9095 9112 9113 9114 9115 9116 9117 9118 9119 9120 9121 9122 9123 9124 9125 9126 9127 9128 9129 9130 9131 9132 9133 9135 9147 9148 9149 9150 9151 9152 9153 9154 9155 9156 9157 9158 9159 9160 9161 9162 9163 9165 9166 9167 9168 9169 9170 9171 9172 9173 9174 9175 9176 9177 9178 9179 9180 9181 9182 9183 9184 9185 9186 9187 9188 9189 9190 9192 9202 9204 9210 9211 9212 9213 9214 9215 9216 9217 9218 9219 9220 9223 9224 9225 9241 9369 9370 9371 9372 9373 9375 9377 9378 9379 9380 9381 9392 9393 9394 9395 9396 9397 9398 9399 9400 9401 9402 9403 9404 9405 9406 9407 9408 9409 9410 9411 9412 9413 9414 9415 9416 9417 9418 9419 9420 9422 9425 9426 9427 9428 9429 9430 9431 9432 9433 9434 9435 9436 9437 9438 9439 9446 9447 9448 9449 9450 9463 9464 9465 9472 9474 9483 9484 9485 9486 9487 9493 9494 9495 15673 15674 15675 15676 17816 17817 17818 17819 17820 17821 17822 17823 17824 17825 17829 17845 17846 17851 17852 17853 17854 17855 17856 17857 17858 17859 17860 17861 17862 17864 17874 17875 17880 17881 17882 17883 17884 17885 17889 17890 17891 17892 17917 17918 17919 17920 17921 17922 18166 18167 18168 18169 18189 18190 18191 18192 18193 19916 19937 19938 19939 19940 19941 19943 19946 19947 19957 19994 20004 20005 20006 20007 20008 20009 20010 20011 20012 20013 20014 20015 20016 20017 20018 20041 20293 20294 20296 20300 20301 20302 20303 20304 20305 20306 20308 20309 20310 20311 20312 20313 20314 20315 20316 20317 20318 20319 20320 20326 20330 20335 20336 20337 20338 20339 20340 20341 20342 20343 20344 20345 20346 20347 20348 20349 20350 20351 20352 20353 20354 20357 20358 20359 20402 20403 20408 20409 20410 20411 20412 20413 20414 20416 20417 20418 20420 20421 20422 20423 20424 20425 20426 20427 20428 20429 20430 20432 20433 20434 20435 20443 
== Tunnel cluster 17 ==
391 392 394 396 397 398 399 400 401 402 403 404 578 579 582 583 584 585 1189 1191 1192 1216 1217 1218 1219 1220 1229 1230 1243 1244 1245 1246 1247 1248 1249 1252 1253 1254 1255 1362 1363 1386 1387 1388 1389 1390 1391 1392 1393 1394 1395 1396 1397 1398 1399 1400 1403 1404 1405 1406 1407 1408 2214 2236 2239 2240 2241 2242 2256 2257 2258 2293 2294 2295 2296 2297 2298 2299 2300 2301 2302 2305 2306 2307 2308 2309 2374 2375 2376 2386 2387 2389 2391 2392 2403 2405 2406 2407 2408 2409 2412 2413 2415 2416 2417 2418 2419 2420 2421 2422 2423 2424 2425 2426 2427 2428 2429 2430 2438 2439 2440 2441 2442 2443 2444 2445 2446 2447 2450 2451 2452 2453 2454 2455 2456 2463 2464 2465 2466 2470 2471 2472 2473 2474 2475 2476 2477 2478 2493 2494 2495 2496 2497 2498 2499 2500 2501 2502 2503 2506 2507 2522 2523 2524 2525 2526 2531 2532 2533 2534 2535 2559 2565 2566 2567 2568 2569 2604 2605 2606 2607 2608 2609 2610 2611 2612 2613 2614 2615 2616 2620 2621 2622 2623 2624 9091 9092 9093 9094 9095 9118 9119 9120 9121 9492 9493 9494 9495 9541 9542 9543 9544 9545 9546 9547 9548 9549 9550 9551 9552 9553 9554 9555 9556 9558 9559 9560 9561 9562 9563 9564 9565 9566 9567 9568 9569 9570 9571 9572 9573 9574 9577 9578 9579 10445 10446 10455 10456 10457 10458 10459 10461 10462 10463 10464 10465 10466 10467 10468 10469 10470 10471 10472 10473 10474 10475 10476 10477 10480 10481 10482 10483 10606 10607 10611 10612 10613 10614 10615 10616 10617 10618 10619 10620 10621 10622 10623 10624 10625 10626 10627 10628 10629 11296 11297 11298 11299 11300 11301 11302 12583 12588 12600 12605 12606 12607 12608 12609 12610 12611 12612 12613 12614 12615 12616 12617 12618 12619 12621 12622 12623 12624 12625 12631 12632 12633 12634 12635 12636 12637 12638 12639 12640 12641 12642 12643 12644 12645 12646 12647 12648 13271 13281 13282 13283 13284 13285 13286 13287 13288 13289 13290 13291 13292 13293 13296 13297 13298 13299 13300 13301 13302 13303 13304 13305 19965 19970 19971 19972 19973 19974 19984 19985 19986 19987 20629 20643 20644 20645 20646 20647 20648 20649 20674 20675 20680 20681 20682 20685 20687 20688 20689 20690 20691 20692 20693 20694 20695 20696 20697 20698 20699 20700 20701 20702 20703 20704 20706 20710 
== Tunnel cluster 18 ==
391 392 394 396 397 398 399 400 401 402 403 404 578 579 582 583 584 585 1189 1191 1192 1216 1217 1218 1219 1220 1229 1230 1243 1244 1245 1246 1247 1248 1249 1252 1253 1254 1255 1362 1363 1386 1387 1388 1389 1390 1391 1392 1393 1394 1395 1396 1397 1398 1399 1400 1403 1404 1405 1406 1407 1408 2214 2236 2239 2240 2241 2242 2256 2257 2258 2441 2443 2444 2445 2455 2463 2464 2465 2466 2470 2471 2472 2473 2474 2475 2476 2477 2478 2493 2494 2495 2496 2497 2498 2499 2500 2501 2502 2503 2506 2507 2522 2523 2524 2525 2526 2531 2532 2533 2534 2535 2559 2565 2566 2567 2568 2569 2592 2596 2597 2598 2600 2601 2602 2603 2604 2605 2606 2607 2608 2609 2610 2611 2612 2613 2614 2615 2616 2617 2618 2619 2620 2621 2622 2623 2624 8787 8789 8790 8824 9091 9092 9093 9094 9095 9118 9119 9120 9121 9426 9427 9428 9429 9451 9452 9453 9454 9455 9456 9457 9458 9459 9460 9461 9462 9463 9464 9465 9466 9467 9468 9476 9477 9478 9479 9480 9489 9491 9492 9493 9494 9495 9537 9538 9539 9540 9541 9542 9543 9544 9545 9546 9547 9548 9549 9550 9551 9552 9553 9554 9555 9556 9558 9559 9560 9561 9562 9563 9564 9565 9566 9567 9568 9569 9570 9571 9572 9573 9574 9575 9576 9577 9578 9579 9601 9603 12583 19093 19120 19121 19122 19123 19124 19125 19126 19127 19128 19129 19130 19131 19132 19173 19174 19175 19929 19935 19936 19942 19943 19944 19945 19946 19947 19948 19949 19950 19952 19953 19954 19955 19956 19957 19958 19959 19960 19961 19962 19963 19964 19965 19966 19967 19968 19969 19970 19971 19972 19973 19974 19979 19980 19981 19982 19983 19984 19985 19986 19987 19988 19989 19990 19991 19992 19993 19994 19995 19996 19997 19998 19999 20000 20001 20002 20003 20004 20005 20006 20008 20009 20010 20011 20012 20013 20014 20015 20016 20018 20028 20029 20030 20031 20035 20036 20037 20038 20039 20040 20041 20042 20043 20044 20045 20046 20047 20048 20049 20050 20052 20053 20054 20055 20056 20059 20069 20070 20071 20072 20073 20074 20075 20076 20077 20078 20079 20080 20081 20082 20083 20084 20085 20086 20087 20088 20089 20094 20095 20096 20097 20098 20099 20102 20134 20135 20136 20137 20138 20139 20140 20184 20205 20206 20207 20208 20209 20210 20211 20247 20260 20263 20264 20265 20266 20267 20268 20269 20270 20314 20316 20337 20338 20344 20345 20347 20348 20349 20350 20351 20352 20353 20358 20359 20643 20644 20646 20674 20675 20679 20680 20681 20682 20683 20684 20685 20686 20687 20688 20689 20690 20691 20692 20693 20694 20695 20696 20697 20698 20699 20700 20701 20702 20703 20704 20706 20710 
== Tunnel cluster 19 ==
368 371 372 373 390 391 392 393 394 395 396 397 398 399 400 401 402 403 404 419 420 428 429 430 431 432 433 434 435 436 437 438 439 440 441 442 443 444 445 446 447 448 449 450 451 452 453 454 455 484 485 486 503 505 563 564 579 582 583 584 585 1242 1243 1244 1245 1246 1247 1248 1249 1250 1252 1253 1254 1255 1273 1324 1325 1326 1327 1328 1329 1330 1362 1363 1364 2510 2511 2512 2513 2516 2517 2518 2519 2520 2521 2522 2524 2527 2528 2529 2530 2531 2532 2533 2534 2535 2536 2537 2538 2540 2541 2542 2543 2544 2545 2546 2554 2559 9092 9093 9094 9095 9118 9119 9120 9121 12349 12350 12351 12352 12353 12354 12355 12365 12381 12382 12384 12385 12386 12387 12388 12389 12412 12413 12414 12415 12416 12417 12418 12419 12420 12421 12422 12423 12424 12425 12426 12427 12428 12429 12430 12431 12432 12433 12434 12435 12436 12437 12438 12439 12440 12441 12442 12443 12444 12445 12446 12447 12448 12449 12450 12451 12452 12453 12454 12460 12462 12463 12464 12465 12468 12473 12478 12479 12480 12481 12482 12483 12484 12485 12486 12487 12488 12489 12490 12491 12492 12493 12494 12495 12500 12510 12511 12512 12513 12514 12515 12516 12517 12518 12519 12522 12523 12524 12525 16798 16799 16800 16801 16802 16803 16804 16820 16821 16822 16823 16824 16825 16826 16827 16828 16829 16830 16831 16832 16837 16838 16839 16840 16841 16842 16843 16844 16845 16846 16847 16848 16849 16850 16851 16852 16853 16854 16856 16857 16858 16859 16860 16868 16869 16870 16876 17016 17017 17018 17019 17020 17021 17022 17023 17024 17025 17026 17027 17028 17029 17030 17031 17032 17033 17034 17035 17036 17042 17043 17044 17045 17046 17047 17048 17051 17052 17053 17055 17056 17057 17058 17059 17060 17063 17064 17065 17066 17067 17068 17303 17307 17312 17313 17314 17315 17316 17317 17318 17319 17320 17321 17322 17323 17324 17325 17326 17327 17328 17329 17330 17331 17332 17333 17334 17335 17336 
== Tunnel cluster 20 ==
368 371 372 373 390 391 392 393 394 395 396 397 398 399 400 401 402 403 404 418 419 420 421 428 429 430 431 432 433 434 435 436 437 438 439 440 441 442 443 444 445 446 447 448 449 450 451 452 453 454 455 484 485 486 503 505 563 564 579 582 583 584 585 1242 1243 1244 1245 1246 1247 1248 1249 1250 1252 1253 1254 1255 1273 1324 1325 1326 1327 1328 1329 1330 1362 1363 1364 2510 2511 2512 2513 2516 2517 2518 2519 2520 2521 2522 2524 2527 2528 2529 2530 2531 2532 2533 2534 2535 2536 2537 2538 2540 2541 2542 2543 2544 2545 2546 2559 9092 9093 9094 9095 9118 9119 9120 9121 12349 12350 12351 12352 12353 12354 12355 12365 12381 12382 12384 12385 12386 12387 12388 12389 12413 12414 12415 12416 12419 12420 12421 12422 12423 12424 12425 12426 12427 12428 12429 12430 12431 12432 12433 12434 12435 12436 12437 12438 12439 12440 12441 12442 12443 12444 12445 12446 12447 12448 12449 12450 12451 12452 12453 12454 12460 12462 12463 12464 12465 12468 12473 12478 12479 12480 12481 12482 12483 12484 12485 12486 12487 12488 12489 12490 12491 12492 12493 12494 12495 12500 12510 12511 12512 12513 12514 12515 12516 12517 12518 12519 12522 12523 12524 12525 16499 16500 16501 16502 16504 16505 16506 16512 16513 16514 16515 16516 16517 16518 16519 16520 16521 16522 16523 16524 16525 16526 16527 16530 16787 16788 16790 16791 16792 16793 16799 16800 16801 16802 16803 16804 16823 16824 16825 16826 16827 16828 16832 16838 16839 16840 16841 16845 16846 16847 16848 16849 16850 16851 16852 16853 16854 16856 16857 16858 16859 16860 17290 17291 17292 17293 17294 17295 17296 17297 17298 17299 17300 17301 17302 17303 17304 17305 17306 17307 17308 17310 17311 17312 17313 17315 17316 17317 17318 17336 17337 17338 17339 17340 17341 17342 17343 17344 17345 17346 17347 17348 17349 17354 17355 17356 17357 17358 17360 17361 17362 17363 17364 17365 17366 17367 17368 
== Tunnel cluster 21 ==
391 392 394 396 397 398 399 400 401 402 403 404 578 579 582 583 584 585 594 600 601 602 603 604 605 606 607 608 609 610 611 612 616 618 619 620 1190 1191 1192 1196 1201 1202 1203 1206 1208 1209 1210 1211 1212 1213 1214 1215 1216 1217 1218 1219 1220 1221 1222 1223 1224 1225 1226 1229 1230 1243 1244 1245 1246 1247 1248 1249 1252 1253 1254 1255 1362 1363 1394 1395 1396 1397 1398 1408 2221 2222 2225 2226 2239 2240 2241 2242 2500 2522 2523 2524 2525 2526 2531 2532 2533 2534 2535 2559 2567 2568 2569 2606 2607 2608 2609 2610 2611 2613 2614 2615 2616 2620 2621 2622 2623 2624 6969 6970 6977 6978 6985 6986 6989 6990 6991 7006 7008 7009 7010 7011 7018 7019 7020 7145 7146 7147 7151 7152 7153 7154 7155 7156 7157 7158 7159 7160 7161 7164 7165 7809 7811 7812 7822 7823 7824 7825 7826 7828 7829 7830 7831 7832 7833 7834 7835 7836 7837 7838 7839 7840 7841 7842 7843 7844 7845 7846 7847 7848 7849 7850 7851 7853 7854 7855 7856 7857 7858 7859 7860 7861 7862 7863 7864 7865 7866 8045 8046 8047 8055 8056 8057 8058 8059 8060 8061 8062 8063 8064 8065 8066 8067 8072 8073 8074 8075 8076 8098 8099 8100 8101 8102 8103 8104 8106 8107 8108 8109 8110 8111 8112 8113 8114 8115 8119 8120 8121 8122 8123 8124 8125 8126 8127 8128 8131 8132 8134 8613 8614 8615 8616 8617 8618 8619 8620 8621 8622 8623 8624 8625 8626 8627 8628 8629 8630 8631 8632 8633 8634 8635 8636 8637 8638 8639 8640 8641 8642 8643 8644 8645 8646 8647 8648 8649 8650 8653 8654 8686 8687 8688 8689 8690 8691 8692 8693 8694 8731 8732 8735 8736 8737 8738 8739 8740 8741 8742 8744 8745 8746 8747 8766 9091 9092 9093 9094 9095 9112 9113 9114 9115 9116 9117 9118 9119 9120 9121 9122 9123 9124 9125 9126 9127 9128 9129 9130 9131 9132 9133 9135 9147 9148 9149 9150 9151 9152 9153 9154 9155 9156 9157 9158 9159 9160 9161 9162 9163 9165 9166 9167 9168 9169 9170 9171 9172 9173 9174 9175 9176 9177 9178 9179 9180 9181 9182 9183 9184 9185 9186 9187 9188 9189 9190 9192 9202 9204 9210 9211 9212 9213 9214 9215 9216 9217 9218 9219 9220 9223 9224 9225 9241 9371 9372 9373 9375 9377 9378 9379 9380 9381 9399 9400 9401 9402 9403 9404 9405 9406 9408 9409 9410 9411 9412 9413 9414 9415 9416 9417 9418 9419 9427 9429 9430 9431 9432 9434 9435 9436 9437 9438 9446 9448 9449 9450 9464 9472 9474 9475 9483 9484 9485 9486 9487 9493 9494 9495 15673 15674 15675 15676 17816 17817 17818 17819 17820 17821 17822 17823 17824 17825 17829 17845 17846 17851 17852 17853 17854 17855 17856 17857 17858 17859 17860 17861 17862 17864 17874 17875 17880 17881 17882 17883 17884 17885 17889 17890 17891 17892 17917 17918 17919 17920 17921 17922 18166 18167 18168 18169 18189 18190 18191 18192 18193 19885 19896 19914 19915 19916 19917 19918 19919 19920 19921 19922 19923 19924 19925 19926 19928 19933 19934 19935 19936 19937 19938 19939 19940 19941 19942 19943 19944 19945 19946 19947 19948 19949 19952 19953 19954 19955 19956 19957 20180 20185 20186 20187 20188 20189 20190 20191 20192 20193 20194 20195 20203 20204 20207 20209 20212 20213 20214 20215 20216 20217 20218 20219 20220 20221 20222 20224 20225 20226 20227 20228 20229 20344 20345 20347 20348 20349 20350 20351 20352 20353 20354 20355 20356 20357 20358 20359 20360 20361 20362 20363 20364 20368 20369 20370 20372 20373 20374 20375 20402 20403 20408 20409 20410 20411 20412 20414 20416 20417 20418 20419 20420 20421 20422 20423 20424 20425 20426 20427 20428 20429 20430 20432 20433 20434 20435 20436 20437 20439 20440 20441 20442 20443 20444 20448 20449 20450 20451 20474 20478 20480 20484 20485 20486 20490 20491 20492 20493 20494 20495 20496 20497 20498 20499 20515 20516 20517 20518 20519 20520 20521 20522 20523 20543 20546 20547 20548 
== Tunnel cluster 22 ==
391 392 394 396 397 398 399 400 401 402 403 404 405 406 407 408 409 410 413 414 415 416 574 578 579 580 582 583 584 585 1229 1230 1243 1244 1245 1246 1247 1248 1249 1252 1253 1254 1255 2495 2496 2502 2503 2504 2505 2506 2509 2510 2511 2512 2513 2514 2515 2516 2517 2518 2519 2520 2521 2522 2523 2524 2525 2526 2527 2528 2529 2530 2531 2532 2533 2534 2535 2536 2537 2538 2539 2540 2541 2542 2543 2547 2548 2549 2550 2551 2552 2553 2555 2556 2557 2558 2559 2560 2561 2562 2563 2564 2565 2566 2567 2568 2569 2570 2571 2572 2574 2575 2576 2577 2623 5457 5458 5459 5460 5461 5462 5463 5464 5465 5466 5467 5474 5475 5476 5477 5478 5479 5480 5481 5482 5483 5484 5485 5487 5495 5574 5575 5576 5577 5578 5579 5580 5581 5582 5583 5584 5585 5586 5587 5588 5589 5590 5591 5592 5593 5594 5595 5596 5597 5598 5599 5600 5615 5616 5617 5618 5619 5620 5621 5667 5682 5683 5684 5831 5832 5836 5837 5838 5839 5840 5841 5842 5858 5859 5861 5862 5863 5864 5865 5866 5867 5870 5871 5897 5898 5899 5900 5901 8938 8939 8940 8941 8942 8943 8944 8945 8946 8947 8948 8949 8950 8951 8953 8954 8955 8956 8960 8961 8962 8963 8964 8965 8966 8970 8971 8972 8973 8974 8975 8977 9007 9080 9081 9082 9083 9084 9085 9086 9087 9088 9089 9090 9091 9092 9093 9094 9095 9096 9103 9104 9107 9108 9109 9110 9117 9118 9119 9120 9121 12505 12510 12511 12512 12513 12514 12515 12516 12517 12518 12528 12529 12534 12535 12536 12537 12538 12539 12540 12541 12542 12543 12544 12545 12546 12555 12556 12557 12559 12562 12563 12565 12566 12567 12568 12569 12570 12689 12691 12693 12713 12714 12720 12721 12722 12723 12724 12725 12726 12727 12728 12729 12730 12731 12734 12735 12736 12737 12738 12739 12740 12741 12742 12743 12744 12745 12746 12747 12753 12754 12755 12756 12757 12758 12759 12760 12761 12762 12763 12764 12765 12766 12767 12769 12770 12771 12772 12774 12775 12776 12777 12778 16833 16834 16835 16836 16854 16855 16861 16862 16863 16864 16865 16884 16903 16906 16908 16909 16910 16911 16912 16913 16914 16915 16916 16917 16918 16919 16920 16921 16922 16923 16924 16925 16926 16927 16928 16929 16930 16931 16932 16933 16934 16936 16937 16938 16950 16985 16986 16988 16989 16990 16991 16992 16993 16994 16995 16996 16997 16998 17005 17007 17008 17034 17035 17036 17037 17038 17039 17040 17041 17042 17043 17046 17047 18906 18907 18908 18909 18910 18911 18915 18916 18917 18918 18919 18920 18921 18922 18923 18924 18927 18928 18929 18930 18944 18947 18948 18949 18950 
== Tunnel cluster 23 ==
390 391 392 393 394 395 396 397 398 399 400 401 402 403 404 450 563 564 579 582 583 584 585 1242 1243 1244 1245 1246 1247 1248 1249 1250 1252 1253 1254 1255 1273 1324 1325 1326 1327 1328 1329 1330 1362 1363 1364 2510 2511 2512 2513 2516 2517 2518 2519 2520 2521 2522 2524 2527 2528 2529 2530 2531 2532 2533 2534 2535 2536 2537 2538 2540 2541 2542 2543 2544 2545 2546 2559 4793 4794 4795 4796 4797 4830 4832 4961 4963 5049 5051 5053 5058 5059 5060 5061 5062 5063 5064 5065 5147 5149 5253 5254 5255 5256 5259 5260 5262 5263 5265 5266 5267 5268 5269 5270 5271 5272 5273 5274 5275 5276 5277 5293 5295 5296 5365 5366 5368 5369 5370 5371 5372 5373 5374 5375 5376 5377 5378 5379 5395 5396 5397 5398 5399 5400 5401 5406 5407 5408 5409 5439 5447 5448 5449 5450 5451 5452 5453 5454 5455 5456 5457 5458 5459 5460 5461 5462 5463 5464 5465 5466 5467 5474 5487 5738 5740 5741 5742 5867 5868 5869 5871 5872 5873 5874 5876 5877 5878 5879 5880 5881 5883 5886 5888 5889 5891 5892 5893 5894 5895 5896 5897 5898 5899 5900 5902 5903 5904 5905 5906 5907 5908 5909 5910 5911 5912 5913 5914 5915 5916 5917 5918 5920 5921 5922 5923 5924 5925 5926 5927 5928 5929 5930 5931 5932 5933 5934 5935 5936 5937 5938 5939 5940 5941 5942 5943 5944 5945 5946 5947 5948 5949 5950 5951 5952 5953 5954 5955 5956 5976 5978 5979 6053 9092 9093 9094 9095 9118 9119 9120 9121 12308 12309 12310 12311 12312 12313 12314 12315 12320 12321 12322 12362 12363 12364 12365 12386 12387 12389 12430 12431 12439 12440 12441 12443 12444 12445 12446 12447 12448 12450 12451 12460 12462 12463 12464 12465 12468 12469 12478 12479 12480 12481 12482 12483 12484 12485 12486 12487 12488 12489 12490 12491 12492 12493 12494 12495 12500 12502 12503 12504 12505 12506 12507 12508 12509 12510 12511 12512 12513 12514 12515 12516 12517 12518 12519 12522 12523 12524 12525 12538 12539 12540 12541 12542 12563 12564 12565 16839 16840 16845 16846 16847 16848 16849 16850 16851 16852 16853 16854 16855 16856 16857 16858 16859 16860 16861 16862 16863 16865 16916 16917 16918 16920 16922 16934 16936 16937 16938 16939 16940 16941 16942 16943 16945 16946 16947 16948 16949 16950 16951 16952 16953 16954 16955 16956 16957 16958 16959 16960 16965 16966 16967 16968 16969 16970 16971 16972 16973 16974 16975 16976 16978 16983 16984 16985 16987 16988 16993 16994 16995 
